                                                            6                      44                   1                     
                     3                                                        7                92                                   
1      99                        5    81                   102   3               1            4  1                      
                        7                                89                      3         63                      0       
              3 7             3                         8        4 7     74               0              373           
        7                                      3 4   91 551      676            306                        0             0    
                       6 4 772                                  8      863              4                         63               
        1     13                  7                  84        167               50       4  19                        147 31 
    2             17                        7  4  00                       48                          7      993             
                          5          128                               3                      305    7                               
        8 1            5          5 3    681      615                                                                          
                                   17          53                       4 1        9        424    3   8     97  6 4    
                 9     1 6                           7                                                       6                
           2 5                       3       31                            3 67   923  716 40 68                                
                               6  2                  367        8                                                          1 7     
        5                                4 9                4     52                        141 34         30  958               
               5   1    39                3   741                     3      531                    8               566       
      1                                                           0                         9                                         
 99      3 7  14        33       204 852            10            4  5          9            5        8        43      
                                  2             22                           3                                        62             
        311  317   59  7                                   142          62                5     3  5   68   22      48   7 
                                      7  881               31       0               83                                  52            
                         0   8            360                             7               85       586     97 14       30       
          5                            6         0 3              08          4   503                              38           
                    896                           14                  04                                   88 60                         
      7                   10               9          34    4        33  153 50     55      9             19               
                   2  342        15  85                                                      1            601                     
         80  515                           2               50           3  3        8  9       5 5 6      4    484            
                          1 1      5       235          87                 3          294                                        
         1                                              6             41             2                   5           8       4
     0           2                7       1                  5         887                38  7                              
                      88                                                   35              91             69         1              
             9                    61   3   1  5   774                                     86                                
        7      6  55    5 5                             8 8        89               714         13                          
                                                        775            8            2 276                    5 950                 
    61                                 5         95              4       87                       9                        1 7
     196     3                          3                                         51 0               167   28                  
                    5                  34     4   8         22    457                         98                    413 9     
  1   5                641    11                   7                                                       4 6         1 
               24                                     0          9  542 53                       320    6                    586     
   630  165                          90   360                                    4  584  0   15             1         2            
                    5    80    10                2        90      499 9                      8                             340     
    7   0 6                        6           35                    87                    1 8   4 5                 7
9                 26   46   719               28         66              35                                     3            
                                                                                            9    8         2             5       
      64 381         92                     491       61        37    1  1                  51                    4           
                                   8  22                                                3      6             1                      
               5          3              1       62 872       889                             871 79      8      7         
   178                43            5                       8                           0                                            
             954                               3   5   8                                   7       55  32                      
                          2      0 1                                        22  5 5         18              9               
              92    4       609          6          2          9                           91              34        21           
     80                 9                     9         3                      850   9                         2        176      
                38          917                     76             352   5 78                  7     2        484         
  64  90  140                                  16                                      81                              4        
                      43      98                    17  1       3     8                                                    1    
           84  72                        928                     4     1             23                                               
 09   116                 241   26               3      9                 87 475       8       71  8      58    4      59   
            33  57                            7                 78    8           60         54           6              46       
   61   4              40               5                371            66           185                       1               96 
                    2                                                                             78                         9      
      5                    62 760             6      27                   1 2    317      75             16  39            
             1  192                   26   1              92             45                                                       
                                                 8            2 5                 9       0                        5      
      2                   1         45             4    38           14                         937     4                        
            1      6                                         2             82        9  843                    897      46     
       64                                  4                            4          2           513       59 691                  
                         39      45          1       3   1  422                      42      6                   1  
  1    429 0                          3                             7           375               1     108              44      
                                79                 14 4                    2            28                                              
       2     8  53 8         45  236             92 1     93        69                     75       5      82      55 
                                                 81               7                                    26                            
    9           566  760    0        6             560        48       5   951   74   2                31                
        45                                        798 99                    7                        0    347 207       495             
 34            1      95      6     7            0    8            1                                     86     7  3     
       576                      953                                      22                  9      5      777                   3 
                  98    4                                 4            59                                    5  8             
                5             270                                                           45 68                                 992   
          2                          90   60       9  6     25     0    96  8                         4                      
  710                4                         01                                              62                 68                
                             401   2                          65      166    01        6             5                 36         
            8                               29                                 34      7  7        9       4                
   9           7         475                    7        379       59                                    5          4         
                8        76      9       6           75                    834                      91          71                 
       1 5                          3                               7      2 3   12                               6       
                                   13        68          6                                               7  678               9   
                           3                      4                    7              3   7    6             13                    
   61  38 357                    1         126       57     72    8          32                        4                8       
                 59   3            4                                               772         03                                1  
    2     3                                                        2                  841 32                 86     16          
                                  1                                                                5                          46     
    6   97 98                      05                 1        7 69          1 99               7                         
5                           58            01     199          305             68             298      5                    434      
          31 21  7                4                                791                                  657                     
      2                   75 6                83         0           89                               5  7         
                                     86      790                                            16            8               7     
    401         897     655   51     6       14                     79          59            8               1  78           
        754                                                     87                       05                                   224      
            4            88                    8 9                                  7        5     57         139                  
                    3      5 14 39                 9   6                         627                           2   04 60   
         535       0      0                         7               7        45                 5    97                       
                  7             90         7              922      34             5                            1             
                             10              9        7   1                    0         2   0     0      7            67  
                                    516        8              1                                           2                      
               6     0                 8    0                       4                         2  1     4        5   7 
                               809 486 552                                                   576  59           3                      
                      6                       38        8           869 44                         3                   2       
              1   5             91   59           4            4                    3                 76     1                
                         2                    9                             4            8                                        
           327                         7                   3                    3                         735               17     
                                 78             925  0                                    363                       4 7          
 0                   4                 9             42   3 6             9   1          62                        67     
            714           2     98              1                       6               2                    3                 
    38                 8             19                                           00    73                       8         5
           2                 7         9      6    0     69    67                       2           50            289 3     
                      7    3        5                                             1              9                             7 
           92                                         7                9   36 36                          779                4      
      84               555  1 7       4          2                             7        3  196                              
            28                         7       8                60             4       09                4                 300   
  931           7  805                                            7 1                  22                                    
           105                14                        1                             1    408       2   7  67     4 13        
  619                  9         5            6                  1                         8                              8  
            20 49           28  4      8  373          3    9       6     24        82                  923  5     8      
                                                                                                  07                                 
     28               4      85  96     9  327 78              6     52  69 37        39           2 2  03                 
      8                                                                                1       944  52                         51   
                      4     2          5   08    5        1  7     7    0      4             7          9            
     75                             8                                                     7            87         5                  
                                                             1   9         7                26  130         6                        
      7  17         63  1   4 1   3      53  486          8 796                                9                         
                                              8                                 35                                  33      6  
                                                            3 3                                                        8      
                     2       4            99 21  153              69 29          99                                 64              
            6  0     518                                        2                       6       3 9   984                    
        4                         4       9                            90      7          1                        382  19       
                              11                               926  15                   5                                               
   58   52  5  6 9                                              60  7  8         8          4       8    9  7  8    
                                3 7     5                                       5         2       6                         
    26 43           9                                                 1                                                             
                                                                                                       1 7 54     779   